[gd_scene load_steps=2 format=3 uid="uid://cy62yitafak7f"]

[sub_resource type="StandardMaterial3D" id="StandardMaterial3D_lu5jw"]
albedo_color = Color(0.470588, 0.286275, 0.133333, 0.521569)

[node name="Floor" type="CSGBox3D" groups=["hazard"]]
transform = Transform3D(1, 0, 0, 0, 1, 0, 0, 0, 1, 0.061, -4, 0)
use_collision = true
size = Vector3(30, 8, 5)
material = SubResource("StandardMaterial3D_lu5jw")

[node name="Wall" type="CSGBox3D" parent="."]
transform = Transform3D(0.964086, -0.26559, 0, 0.26559, 0.964086, 0, 0, 0, 1, -14.1704, 7.75105, -0.413137)
size = Vector3(4, 10, 4)
material = SubResource("StandardMaterial3D_lu5jw")

[node name="Wall8" type="CSGBox3D" parent="."]
transform = Transform3D(0.971413, 0.237397, 0, -0.237397, 0.971413, 0, 0, 0, 1, -12.4575, 3.01435, -5.28313)
size = Vector3(4, 10, 4)
material = SubResource("StandardMaterial3D_lu5jw")

[node name="Wall9" type="CSGBox3D" parent="."]
transform = Transform3D(0.893073, -0.449912, 0, 0.321982, 0.639133, 0.698453, -0.314242, -0.623769, 0.715656, -6.39705, 3.92521, -5.28313)
size = Vector3(4, 10, 4)
material = SubResource("StandardMaterial3D_lu5jw")

[node name="Wall10" type="CSGBox3D" parent="."]
transform = Transform3D(0.949335, -0.203339, 0.239618, 0.107974, 0.92709, 0.35895, -0.295136, -0.314892, 0.902074, -3.15746, 4.01835, -4.60354)
size = Vector3(4, 10, 4)
material = SubResource("StandardMaterial3D_lu5jw")

[node name="Wall11" type="CSGBox3D" parent="."]
transform = Transform3D(0.879402, 0.279607, 0.385322, -0.373561, 0.907008, 0.194394, -0.295136, -0.314892, 0.902074, 6.31471, 4.97783, -8.12954)
size = Vector3(4, 10, 4)
material = SubResource("StandardMaterial3D_lu5jw")

[node name="Wall15" type="CSGBox3D" parent="."]
transform = Transform3D(0.879402, 0.279607, 0.385322, -0.373561, 0.907008, 0.194394, -0.295136, -0.314892, 0.902074, 4.55343, 12.7313, -8.12954)
size = Vector3(4, 10, 4)
material = SubResource("StandardMaterial3D_lu5jw")

[node name="Wall16" type="CSGBox3D" parent="."]
transform = Transform3D(0.879402, 0.279607, 0.385322, -0.373561, 0.907008, 0.194394, -0.295136, -0.314892, 0.902074, -5.5259, 13.985, -8.12954)
size = Vector3(4, 10, 4)
material = SubResource("StandardMaterial3D_lu5jw")

[node name="Wall17" type="CSGBox3D" parent="."]
transform = Transform3D(0.879402, 0.279607, 0.385322, -0.373561, 0.907008, 0.194394, -0.295136, -0.314892, 0.902074, -0.349413, 15.3792, -8.12954)
size = Vector3(4, 10, 4)
material = SubResource("StandardMaterial3D_lu5jw")

[node name="Wall14" type="CSGBox3D" parent="."]
transform = Transform3D(0.932642, -0.300029, 0.200405, 0.207543, 0.900459, 0.38223, -0.295136, -0.314892, 0.902074, 1.26155, 4.28214, -4.60354)
size = Vector3(4, 10, 4)
material = SubResource("StandardMaterial3D_lu5jw")

[node name="Wall12" type="CSGBox3D" parent="."]
transform = Transform3D(0.879402, 0.279607, 0.385322, 0.267377, 0.379596, -0.885673, -0.393907, 0.881888, 0.259057, 10.1954, 7.75105, -4.60354)
size = Vector3(4, 10, 4)
material = SubResource("StandardMaterial3D_lu5jw")

[node name="Wall13" type="CSGBox3D" parent="."]
transform = Transform3D(0.879402, 0.279607, 0.385322, 0.267377, 0.379596, -0.885673, -0.393907, 0.881888, 0.259057, 10.1954, 10.7191, -4.60354)
size = Vector3(4, 10, 4)
material = SubResource("StandardMaterial3D_lu5jw")

[node name="Wall7" type="CSGBox3D" parent="."]
transform = Transform3D(0.785468, 0.618902, 0, -0.618902, 0.785468, 0, 0, 0, 1, 12.3135, 8.7422, 0.128998)
size = Vector3(4, 10, 4)
material = SubResource("StandardMaterial3D_lu5jw")

[node name="Wall2" type="CSGBox3D" parent="."]
transform = Transform3D(0.832022, 0.554743, 0, -0.554743, 0.832022, 0, 0, 0, 1, -11.6229, 10.4597, -0.413137)
size = Vector3(4, 10, 4)
material = SubResource("StandardMaterial3D_lu5jw")

[node name="Wall3" type="CSGBox3D" parent="."]
transform = Transform3D(-0.24699, 0.954338, -0.168031, -0.968235, -0.250021, 0.00320969, -0.0389482, 0.163486, 0.985776, -8.59346, 13.8542, -0.413137)
size = Vector3(4, 10, 4)
material = SubResource("StandardMaterial3D_lu5jw")

[node name="Wall4" type="CSGBox3D" parent="."]
transform = Transform3D(-0.24699, 0.954338, -0.168031, -0.968235, -0.250021, 0.00320969, -0.0389482, 0.163486, 0.985776, -1.6595, 13.7027, -0.413137)
size = Vector3(4, 10, 4)
material = SubResource("StandardMaterial3D_lu5jw")

[node name="Wall5" type="CSGBox3D" parent="."]
transform = Transform3D(-0.24699, 0.954338, -0.168031, -0.968235, -0.250021, 0.00320969, -0.0389482, 0.163486, 0.985776, 2.97147, 12.8286, -0.413137)
size = Vector3(4, 10, 4)
material = SubResource("StandardMaterial3D_lu5jw")

[node name="Wall6" type="CSGBox3D" parent="."]
transform = Transform3D(0.490705, 0.862507, -0.123655, -0.870455, 0.47891, -0.113817, -0.0389482, 0.163486, 0.985776, 11.466, 13.7941, -2.73918)
size = Vector3(4, 11.0292, 4)
material = SubResource("StandardMaterial3D_lu5jw")
