[gd_scene load_steps=5 format=3 uid="uid://b5gr0jkvjp0i3"]

[sub_resource type="StandardMaterial3D" id="StandardMaterial3D_qiqfg"]
albedo_color = Color(0.878431, 0.556863, 0.211765, 1)

[sub_resource type="BoxMesh" id="BoxMesh_ox1s7"]
size = Vector3(30, 10, 8)

[sub_resource type="StandardMaterial3D" id="StandardMaterial3D_d24il"]
albedo_color = Color(0.784314, 0.486275, 0.176471, 1)

[sub_resource type="BoxMesh" id="BoxMesh_xykal"]
size = Vector3(4.372, 1.827, 10)

[node name="Floor" type="MeshInstance3D"]
transform = Transform3D(1, 0, 0, 0, 1, 0, 0, 0, 1, 0, -4.93135, 0)
material_override = SubResource("StandardMaterial3D_qiqfg")
mesh = SubResource("BoxMesh_ox1s7")

[node name="wall1" type="MeshInstance3D" parent="."]
transform = Transform3D(1, 0, 0, 0, -0.137998, -0.990433, 0, 0.990433, -0.137998, -11.9017, 9.1045, 0.125687)
material_override = SubResource("StandardMaterial3D_d24il")
mesh = SubResource("BoxMesh_xykal")

[node name="wall2" type="MeshInstance3D" parent="."]
transform = Transform3D(0.608249, -0.109535, -0.786152, -0.793746, -0.0839371, -0.60243, 0, 0.990433, -0.137998, -10.3552, 13.3937, 0.125687)
material_override = SubResource("StandardMaterial3D_d24il")
mesh = SubResource("BoxMesh_xykal")

[node name="wall9" type="MeshInstance3D" parent="."]
transform = Transform3D(0.928343, 0.0512972, 0.368168, 0.371724, -0.128109, -0.919461, -2.76413e-09, 0.990433, -0.137998, -7.93804, 14.4063, -6.8554)
material_override = SubResource("StandardMaterial3D_d24il")
mesh = SubResource("BoxMesh_xykal")

[node name="wall13" type="MeshInstance3D" parent="."]
transform = Transform3D(0.928343, 0.0512972, 0.368168, 0.371724, -0.128109, -0.919461, -2.76413e-09, 0.990433, -0.137998, -15.1366, 13.8543, -7.89506)
material_override = SubResource("StandardMaterial3D_d24il")
mesh = SubResource("BoxMesh_xykal")

[node name="wall14" type="MeshInstance3D" parent="."]
transform = Transform3D(0.928343, 0.0512972, 0.368168, 0.371724, -0.128109, -0.919461, -2.76413e-09, 0.990433, -0.137998, 13.8893, 4.16015, -11.5902)
material_override = SubResource("StandardMaterial3D_d24il")
mesh = SubResource("BoxMesh_xykal")

[node name="wall15" type="MeshInstance3D" parent="."]
transform = Transform3D(0.928343, 0.0512972, 0.368168, 0.371724, -0.128109, -0.919461, -2.76413e-09, 0.990433, -0.137998, 7.13602, 6.11611, -11.5902)
material_override = SubResource("StandardMaterial3D_d24il")
mesh = SubResource("BoxMesh_xykal")

[node name="wall16" type="MeshInstance3D" parent="."]
transform = Transform3D(0.928343, 0.0512972, 0.368168, 0.371724, -0.128109, -0.919461, -2.76413e-09, 0.990433, -0.137998, 1.14317, 6.11611, -11.5902)
material_override = SubResource("StandardMaterial3D_d24il")
mesh = SubResource("BoxMesh_xykal")

[node name="wall17" type="MeshInstance3D" parent="."]
transform = Transform3D(0.928343, 0.0512972, 0.368168, 0.371724, -0.128109, -0.919461, -2.76413e-09, 0.990433, -0.137998, -4.92706, 6.11611, -11.5902)
material_override = SubResource("StandardMaterial3D_d24il")
mesh = SubResource("BoxMesh_xykal")

[node name="wall18" type="MeshInstance3D" parent="."]
transform = Transform3D(0.928343, 0.0512972, 0.368168, 0.371724, -0.128109, -0.919461, -2.76413e-09, 0.990433, -0.137998, -12.9116, 3.04002, -11.5902)
material_override = SubResource("StandardMaterial3D_d24il")
mesh = SubResource("BoxMesh_xykal")

[node name="wall10" type="MeshInstance3D" parent="."]
transform = Transform3D(0.928343, 0.0512972, 0.368168, 0.371724, -0.128109, -0.919461, -2.76413e-09, 0.990433, -0.137998, -2.83926, 16.6539, -6.8554)
material_override = SubResource("StandardMaterial3D_d24il")
mesh = SubResource("BoxMesh_xykal")

[node name="wall11" type="MeshInstance3D" parent="."]
transform = Transform3D(0.928343, 0.0512972, 0.368168, 0.371724, -0.128109, -0.919461, -2.76413e-09, 0.990433, -0.137998, 2.82831, 16.6539, -10.9025)
material_override = SubResource("StandardMaterial3D_d24il")
mesh = SubResource("BoxMesh_xykal")

[node name="wall12" type="MeshInstance3D" parent="."]
transform = Transform3D(0.928343, 0.0512972, 0.368168, 0.371724, -0.128109, -0.919461, -2.76413e-09, 0.990433, -0.137998, 9.76352, 16.6539, -13.2023)
material_override = SubResource("StandardMaterial3D_d24il")
mesh = SubResource("BoxMesh_xykal")

[node name="wall3" type="MeshInstance3D" parent="."]
transform = Transform3D(0.254906, -0.133439, -0.957715, -0.966966, -0.0351764, -0.252467, -2.76413e-09, 0.990433, -0.137998, -5.38316, 16.3945, 0.167746)
material_override = SubResource("StandardMaterial3D_d24il")
mesh = SubResource("BoxMesh_xykal")

[node name="wall4" type="MeshInstance3D" parent="."]
transform = Transform3D(-0.0699133, -0.13766, -0.988009, -0.997553, 0.00964787, 0.0692443, -6.36636e-09, 0.990433, -0.137998, 0.113636, 16.3945, 0.167746)
material_override = SubResource("StandardMaterial3D_d24il")
mesh = SubResource("BoxMesh_xykal")

[node name="wall5" type="MeshInstance3D" parent="."]
transform = Transform3D(-0.351515, -0.129191, -0.927225, -0.936182, 0.0485083, 0.348152, -7.2954e-09, 0.990433, -0.137998, 5.36423, 16.3945, 0.167746)
material_override = SubResource("StandardMaterial3D_d24il")
mesh = SubResource("BoxMesh_xykal")

[node name="wall6" type="MeshInstance3D" parent="."]
transform = Transform3D(-0.822849, -0.0784187, -0.562824, -0.56826, 0.113551, 0.814976, -7.2954e-09, 0.990433, -0.137998, 9.22509, 16.3945, 0.167746)
material_override = SubResource("StandardMaterial3D_d24il")
mesh = SubResource("BoxMesh_xykal")

[node name="wall7" type="MeshInstance3D" parent="."]
transform = Transform3D(-0.822849, -0.0784187, -0.562824, -0.56826, 0.113551, 0.814976, -7.2954e-09, 0.990433, -0.137998, 12.943, 13.7754, -3.40744)
material_override = SubResource("StandardMaterial3D_d24il")
mesh = SubResource("BoxMesh_xykal")

[node name="wall8" type="MeshInstance3D" parent="."]
transform = Transform3D(-0.993564, 0.0156314, 0.112189, 0.113273, 0.13711, 0.984058, -1.56299e-08, 0.990433, -0.137998, 11.8055, 8.91942, -1.4986)
material_override = SubResource("StandardMaterial3D_d24il")
mesh = SubResource("BoxMesh_xykal")
