[gd_scene load_steps=10 format=3 uid="uid://bf4ecgjhthvji"]

[ext_resource type="Script" path="res://LandingPad.gd" id="1_ames5"]
[ext_resource type="PackedScene" uid="uid://dncs8u73iswxx" path="res://player.tscn" id="2_p3rcl"]
[ext_resource type="PackedScene" uid="uid://d1n00skhshmwh" path="res://floorrr.tscn" id="3_fghwm"]

[sub_resource type="ProceduralSkyMaterial" id="ProceduralSkyMaterial_mth1l"]
sky_horizon_color = Color(0.64625, 0.65575, 0.67075, 1)
ground_horizon_color = Color(0.64625, 0.65575, 0.67075, 1)

[sub_resource type="Sky" id="Sky_k5wgq"]
sky_material = SubResource("ProceduralSkyMaterial_mth1l")

[sub_resource type="Environment" id="Environment_gknvl"]
background_mode = 2
sky = SubResource("Sky_k5wgq")
tonemap_mode = 2
glow_enabled = true

[sub_resource type="StandardMaterial3D" id="StandardMaterial3D_fi3rn"]
albedo_color = Color(1, 0.509804, 1, 1)

[sub_resource type="StandardMaterial3D" id="StandardMaterial3D_2clxv"]
albedo_color = Color(0.188235, 0.592157, 0.976471, 1)

[sub_resource type="StandardMaterial3D" id="StandardMaterial3D_xjs4h"]
albedo_color = Color(0.121569, 0.839216, 0.333333, 1)

[node name="Level" type="Node3D"]

[node name="DirectionalLight3D" type="DirectionalLight3D" parent="."]
transform = Transform3D(-0.866025, -0.0851048, 0.492704, 0, 0.985408, 0.170209, -0.5, 0.147406, -0.853388, 18.2404, 10.7792, -2160)
shadow_enabled = true

[node name="WorldEnvironment" type="WorldEnvironment" parent="."]
environment = SubResource("Environment_gknvl")

[node name="Obstacle" type="CSGBox3D" parent="." groups=["hazard"]]
transform = Transform3D(1, 0, 0, 0, 1, 0, 0, 0, 1, -0.128516, 3.9013, 0)
use_collision = true
size = Vector3(6, 1, 5)
material = SubResource("StandardMaterial3D_fi3rn")

[node name="LaunchPad" type="CSGBox3D" parent="."]
transform = Transform3D(0.0196256, 0.0220152, 0.999565, 0.000716894, 0.999757, -0.0220335, -0.999807, 0.001149, 0.0196051, -6.95109, 0.445887, -0.170533)
use_collision = true
size = Vector3(2, 0.891895, 2)
material = SubResource("StandardMaterial3D_2clxv")

[node name="LandingPad" type="CSGBox3D" parent="." groups=["Goal"]]
transform = Transform3D(0.999993, -0.00277197, 0.00242214, -0.0028364, -0.999631, 0.027017, 0.0023464, -0.0270237, -0.999632, 5.663, 0.2, -0.203)
use_collision = true
size = Vector3(2, 1, 2)
material = SubResource("StandardMaterial3D_xjs4h")
script = ExtResource("1_ames5")
file_path = "res://level_5.tscn"

[node name="Camera3D" type="Camera3D" parent="."]
transform = Transform3D(1, 0, 0, 0, 0.969872, 0.243615, 0, -0.243615, 0.969872, 0, 4.45, 8.299)

[node name="Player" parent="." instance=ExtResource("2_p3rcl")]
transform = Transform3D(1, -5.58794e-09, 0, 0, 1, 5.82077e-11, 0, -5.82077e-11, 1, -7.17725, 1.1173, -0.170816)

[node name="Floor" parent="." instance=ExtResource("3_fghwm")]
